%YAML:1.0
---

P0: !!opencv-matrix
  rows: 3
  cols: 4
  dt: d
  data: [7.188560000000e+02, 0.000000000000e+00, 6.071928000000e+02, 0.000000000000e+00, 0.000000000000e+00, 7.188560000000e+02, 1.852157000000e+02, 0.000000000000e+00, 0.000000000000e+00, 0.000000000000e+00, 1.000000000000e+00, 0.000000000000e+00]
P1: !!opencv-matrix
  rows: 3
  cols: 4
  dt: d
  data: [7.188560000000e+02, 0.000000000000e+00, 6.071928000000e+02, -3.861448000000e+02, 0.000000000000e+00, 7.188560000000e+02, 1.852157000000e+02, 0.000000000000e+00, 0.000000000000e+00, 0.000000000000e+00, 1.000000000000e+00, 0.000000000000e+00]

P2: !!opencv-matrix
  rows: 3
  cols: 4
  dt: d
  data: [7.188560000000e+02, 0.000000000000e+00, 6.071928000000e+02, 4.538225000000e+01, 0.000000000000e+00, 7.188560000000e+02, 1.852157000000e+02, -1.130887000000e-01, 0.000000000000e+00, 0.000000000000e+00, 1.000000000000e+00, 3.779761000000e-03]
P3: !!opencv-matrix
  rows: 3
  cols: 4
  dt: d
  data: [7.188560000000e+02, 0.000000000000e+00, 6.071928000000e+02, -3.372877000000e+02, 0.000000000000e+00, 7.188560000000e+02, 1.852157000000e+02, 2.369057000000e+00, 0.000000000000e+00, 0.000000000000e+00, 1.000000000000e+00, 4.915215000000e-03]



